((("local-set-key" .
   [0 0 0 0 0 0 0 1 0 1 0 0 0])
  ("Itoa" .
   [1 0 1 0])
  ("IntSize" .
   [0 0 1 0 0 0 0])
  ("strconv" .
   [0 0 2 0 0 0 0])
  ("Gosched" .
   [0 0 0 1 0 0 0])
  ("runtime" .
   [0 0 0 0 1 0 0])
  ("Second" .
   [0 0 1 1 0 0])
  ("timeout" .
   [0 0 0 0 0 0 1])
  ("select" .
   [0 0 0 0 0 1])
  ("true" .
   [0 0 1 0])
  ("uchan" .
   [0 0 0 5 0])
  ("panic" .
   [0 1 0 0 0])
  ("new" .
   [1 0 0])
  ("lists" .
   [1 0 0 0 0])
  ("v" .
   [2])
  ("chs" .
   [13 0 0])
  ("chan" .
   [0 0 1 0])
  ("value" .
   [1 0 0 0 0])
  ("Sleep" .
   [0 0 0 4 0])
  ("time" .
   [0 0 1 2])
  ("write" .
   [0 0 1 0 0])
  ("Read" .
   [1 0 0 0])
  ("ch" .
   [6 0])
  ("z" .
   [1])
  ("errormsg" .
   [0 0 0 1 0 0 2 0])
  ("add2" .
   [2 0 0 0])
  ("Error" .
   [0 0 1 0 0])
  ("dData" .
   [0 0 2 0 0])
  ("addright" .
   [0 0 0 0 1 1 0 0])
  ("addleft" .
   [1 0 0 0 0 1 0])
  ("s" .
   [1])
  ("addError" .
   [0 0 0 1 0 1 0 0])
  ("errorTest" .
   [0 0 0 0 0 0 1 0 0])
  ("Sqrt" .
   [0 0 1 0])
  ("int64" .
   [1 0 0 0 0])
  ("error" .
   [1 0 0 1 0])
  ("mb" .
   [1 0])
  ("kb" .
   [1 0])
  ("c" .
   [4])
  ("iota" .
   [2 0 0 0])
  ("duck" .
   [0 0 0 1])
  ("sayHello" .
   [0 0 1 0 0 0 0 1])
  ("ISayHello" .
   [0 1 1 0 0 0 0 0 0])
  ("getSaying" .
   [1 0 2 0 0 0 0 0 0])
  ("Duck" .
   [2 0 1 0])
  ("Person" .
   [1 0 0 2 0 0])
  ("interface" .
   [0 0 0 0 0 1 0 0 0])
  ("too" .
   [0 0 1])
  ("format" .
   [0 0 0 0 0 1])
  ("for" .
   [0 0 2])
  ("except" .
   [0 0 0 0 0 1])
  ("view_books" .
   [0 0 0 1 0 0 0 0 0 0])
  ("price" .
   [1 0 1 0 0])
  ("year" .
   [2 0 0 0])
  ("books" .
   [0 0 0 0 2])
  ("Books" .
   [0 1 1 1 0])
  ("print" .
   [0 0 0 0 1])
  ("age" .
   [1 0 0])
  ("name" .
   [3 1 0 0])
  ("person" .
   [1 0 0 0 0 3])
  ("Father" .
   [0 1 0 0 1 0])
  ("type" .
   [0 0 1 0])
  ("range" .
   [0 0 2 1 0])
  ("arr" .
   [1 0 1])
  ("m_list" .
   [1 1 1 0 0 1])
  ("len" .
   [3 0 1])
  ("trangle" .
   [0 0 0 1 0 0 0])
  ("slic" .
   [1 0 0 3])
  ("import" .
   [0 0 0 0 3 0])
  ("strings" .
   [0 0 0 1 0 0 0])
  ("Repeat" .
   [1 0 0 0 3 4])
  ("string" .
   [4 0 0 2 0 5])
  ("test" .
   [0 1 0 0])
  ("append" .
   [0 1 0 0 0 1])
  ("Println" .
   [17 0 0 0 0 1 23])
  ("Print" .
   [1 0 1 0 20])
  ("fmt" .
   [3 0 4])
  ("i" .
   [70])
  ("j" .
   [4])
  ("Printf" .
   [4 0 0 0 0 3])
  ("func" .
   [0 0 0 2])
  ("package" .
   [0 0 0 1 1 0 0])
  ("int" .
   [44 0 4])
  ("result" .
   [1 0 0 2 1 0])
  ("num1" .
   [1 0 0 1])
  ("num2" .
   [2 0 0 0])
  ("main" .
   [1 0 0 0])
  ("a" .
   [17])
  ("b" .
   [7])
  ("max" .
   [1 0 0])
  ("make" .
   [13 0 0 1])
  ("list_a" .
   [0 0 1 0 0 0])
  ("f" .
   [1])
  ("sli" .
   [1 0 0])
  ("foo" .
   [3 0 0])
  ("require" .
   [0 0 0 0 0 0 2])
  ("nyan-mode" .
   [0 0 0 1 0 0 0 0 0])
  ("re" .
   [1 0])
  ("powerline-evil" .
   [1 0 0 0 0 0 0 0 0 0 0 0 0 0])
  ("defvar" .
   [1 0 0 0 0 0])
  ("setq" .
   [1 0 0 0])
  ("powerline-color1" .
   [0 0 0 1 0 0 0 0 0 0 0 0 0 0 0 0])
  ("set-face-attribute" .
   [0 0 0 0 0 0 0 0 0 0 0 0 1 0 0 0 0 0])
  ("mode-line" .
   [1 0 0 0 0 0 0 0 0])
  ("nil" .
   [2 0 0])
  ("return" .
   [0 0 0 1 0 0])
  ("tmp" .
   [13 0 0])
  ("bool" .
   [1 1 0 0])
  ("x" .
   [2])
  ("y" .
   [2])
  ("struct" .
   [0 0 0 0 3 1])
  ("float32" .
   [0 0 1 0 0 0 0])
  ("float64" .
   [2 0 0 0 0 1 0])
  ("B" .
   [1])
  ("KeyError" .
   [0 0 0 1 0 0 0 0])
  ("keystoneauth1" .
   [0 0 0 0 0 2 0 0 0 0 0 0 0])
  ("auth" .
   [1 0 0 0])
  ("__main__" .
   [0 0 0 1 0 0 0 0])
  ("callback" .
   [1 0 0 0 0 1 0 0])
  ("__name__" .
   [0 0 0 0 0 1 0 0])
  ("calendar" .
   [0 0 1 0 0 0 0 0])
  ("goods" .
   [12 0 0 0 0])
  ("short_name" .
   [1 0 0 0 0 0 0 0 0 0])
  ("goods_price" .
   [1 0 1 0 0 0 0 0 0 0 0])
  ("deta" .
   [3 0 0 0])
  ("detail" .
   [2 0 0 0 0 0])
  ("gid" .
   [1 0 0])
  ("serializers" .
   [0 0 0 0 0 1 0 0 0 0 0])
  ("freight" .
   [1 0 0 0 0 0 0])
  ("category" .
   [2 0 0 0 0 0 0 0])
  ("sales" .
   [1 0 0 0 0])
  ("stock" .
   [1 0 0 0 0])
  ("discount" .
   [1 0 0 0 0 0 0 0])
  ("rsp_goods" .
   [2 0 2 0 0 0 0 0 0])
  ("data" .
   [2 0 0 0])
  ("logger" .
   [4 0 0 0 0 0])
  ("encode" .
   [0 0 0 0 1 1])
  ("detail_dict" .
   [0 0 0 0 3 1 1 0 0 0 5])
  ("update" .
   [1 0 0 0 0 0])
  ("pop" .
   [7 0 0])
  ("attr_list" .
   [1 0 0 0 0 0 0 0 0])
  ("loads" .
   [1 0 0 0 1])
  ("pops" .
   [1 0 0 0])
  ("addGoods2Redis" .
   [1 0 0 0 0 0 0 0 0 0 0 0 0 0])
  ("Exception" .
   [0 0 0 0 0 0 0 0 1])
  ("info" .
   [1 0 0 0])
  ("EnvironmentError" .
   [0 0 1 0 0 0 0 0 0 0 0 0 0 0 0 0])
  ("utf8" .
   [0 0 1 0])
  ("utils" .
   [1 0 0 1 0])
  ("load_es" .
   [1 0 0 0 0 0 0])))
